legDurations	300.0	600.0	900.0	1200.0	1500.0	1800.0	2100.0	2400.0	2700.0	3000.0	3300.0	3600.0	3900.0	4200.0	4500.0	4800.0	5100.0	5400.0	5700.0	6000.0	6300.0	6600.0	6900.0	7200.0	1.7976931348623157E308	|	 average 	|	 cnt 	 | 	 sum
education---education	271.0	291.0	133.0	54.0	24.0	17.0	8.0	6.0	3.0	4.0	2.0	4.0	4.0	1.0	0.0	1.0	0.0	2.0	0.0	0.0	0.0	0.0	0.0	0.0	0.0	|	596.6812121212121	|	825	|	492262.0
education---home	1003.0	1954.0	1596.0	1138.0	856.0	673.0	452.0	324.0	276.0	196.0	143.0	101.0	80.0	95.0	69.0	49.0	48.0	27.0	41.0	30.0	20.0	25.0	17.0	16.0	126.0	|	1388.9879208979155	|	9355	|	1.2993982E7
education---leisure	204.0	346.0	204.0	72.0	33.0	24.0	13.0	6.0	6.0	6.0	3.0	2.0	2.0	2.0	2.0	0.0	1.0	2.0	0.0	0.0	0.0	0.0	0.0	0.0	0.0	|	672.957974137931	|	928	|	624505.0
education---other	40.0	47.0	22.0	7.0	3.0	2.0	0.0	1.0	2.0	0.0	1.0	0.0	0.0	1.0	0.0	0.0	0.0	0.0	0.0	0.0	0.0	0.0	0.0	0.0	0.0	|	588.1190476190476	|	126	|	74103.0
education---shopping	126.0	172.0	91.0	25.0	20.0	9.0	7.0	1.0	3.0	1.0	2.0	3.0	0.0	1.0	0.0	0.0	1.0	0.0	0.0	0.0	0.0	0.0	0.0	0.0	0.0	|	612.4285714285714	|	462	|	282942.0
education---work	32.0	31.0	16.0	4.0	5.0	3.0	2.0	0.0	1.0	0.0	1.0	0.0	0.0	0.0	1.0	0.0	0.0	0.0	0.0	0.0	0.0	0.0	0.0	0.0	0.0	|	626.1770833333334	|	96	|	60113.0
home---education	1049.0	2097.0	1746.0	1317.0	922.0	757.0	526.0	350.0	296.0	219.0	155.0	123.0	96.0	82.0	86.0	56.0	50.0	36.0	44.0	27.0	22.0	29.0	14.0	16.0	147.0	|	1404.0624634574158	|	10262	|	1.4408489E7
home---leisure	12380.0	15062.0	6765.0	1643.0	518.0	208.0	146.0	53.0	43.0	22.0	6.0	9.0	4.0	1.0	1.0	1.0	6.0	1.0	0.0	0.0	0.0	0.0	0.0	0.0	0.0	|	460.71585885160977	|	36869	|	1.6986133E7
home---other	3489.0	3696.0	1483.0	361.0	135.0	53.0	40.0	12.0	8.0	5.0	3.0	5.0	2.0	1.0	0.0	0.0	0.0	0.0	0.0	0.0	0.0	0.0	0.0	0.0	0.0	|	438.9969869794469	|	9293	|	4079599.0
home---shopping	11449.0	12284.0	5049.0	1252.0	424.0	195.0	140.0	46.0	24.0	8.0	15.0	11.0	6.0	1.0	5.0	1.0	1.0	4.0	0.0	0.0	0.0	2.0	0.0	0.0	0.0	|	444.0413364815474	|	30917	|	1.3728426E7
home---work	4775.0	9145.0	7455.0	5298.0	4112.0	2865.0	2129.0	1639.0	1226.0	833.0	682.0	590.0	452.0	360.0	314.0	267.0	208.0	180.0	133.0	117.0	113.0	81.0	82.0	84.0	584.0	|	1386.9065501783916	|	43724	|	6.0641102E7
leisure---education	49.0	105.0	87.0	36.0	25.0	13.0	10.0	11.0	7.0	1.0	5.0	2.0	3.0	1.0	2.0	1.0	1.0	0.0	0.0	0.0	2.0	1.0	1.0	0.0	3.0	|	1053.2650273224044	|	366	|	385495.0
leisure---home	11895.0	15352.0	7573.0	2261.0	868.0	402.0	266.0	159.0	107.0	63.0	41.0	27.0	32.0	19.0	13.0	19.0	8.0	13.0	12.0	4.0	4.0	5.0	5.0	3.0	31.0	|	533.6643356643357	|	39182	|	2.0910036E7
leisure---leisure	2576.0	1628.0	623.0	153.0	43.0	22.0	5.0	7.0	2.0	1.0	0.0	0.0	0.0	0.0	0.0	0.0	0.0	0.0	0.0	0.0	0.0	0.0	0.0	0.0	0.0	|	342.0466403162055	|	5060	|	1730756.0
leisure---other	306.0	257.0	102.0	25.0	6.0	5.0	1.0	0.0	2.0	2.0	0.0	0.0	1.0	0.0	0.0	0.0	0.0	0.0	0.0	0.0	0.0	0.0	0.0	0.0	0.0	|	415.1725601131542	|	707	|	293527.0
leisure---shopping	1218.0	1012.0	436.0	113.0	32.0	12.0	9.0	2.0	3.0	4.0	2.0	0.0	1.0	0.0	2.0	0.0	0.0	0.0	0.0	0.0	0.0	0.0	0.0	0.0	0.0	|	423.3963457484188	|	2846	|	1204986.0
leisure---work	232.0	604.0	438.0	242.0	130.0	75.0	60.0	49.0	28.0	35.0	14.0	21.0	13.0	6.0	4.0	11.0	3.0	8.0	3.0	2.0	3.0	3.0	1.0	2.0	16.0	|	1064.2925611582625	|	2003	|	2131778.0
other---education	9.0	18.0	20.0	8.0	5.0	1.0	0.0	4.0	2.0	1.0	1.0	1.0	0.0	0.0	0.0	0.0	2.0	0.0	0.0	0.0	0.0	0.0	0.0	0.0	0.0	|	1026.375	|	72	|	73899.0
other---home	2961.0	3464.0	1563.0	547.0	242.0	136.0	93.0	58.0	30.0	31.0	16.0	14.0	17.0	9.0	7.0	7.0	6.0	5.0	5.0	2.0	3.0	4.0	0.0	0.0	16.0	|	572.9718492854049	|	9236	|	5291968.0
other---leisure	342.0	390.0	149.0	42.0	11.0	5.0	3.0	1.0	1.0	0.0	1.0	0.0	1.0	0.0	1.0	0.0	0.0	0.0	0.0	0.0	0.0	0.0	0.0	0.0	0.0	|	453.59028511087644	|	947	|	429550.0
other---other	709.0	417.0	119.0	38.0	10.0	4.0	2.0	0.0	1.0	0.0	0.0	1.0	0.0	0.0	0.0	0.0	0.0	0.0	0.0	0.0	0.0	0.0	0.0	0.0	0.0	|	318.3566487317448	|	1301	|	414182.0
other---shopping	499.0	438.0	166.0	41.0	10.0	7.0	4.0	4.0	1.0	1.0	3.0	0.0	0.0	0.0	0.0	0.0	0.0	0.0	0.0	0.0	0.0	0.0	0.0	0.0	0.0	|	419.7853492333901	|	1174	|	492828.0
other---work	160.0	381.0	288.0	161.0	117.0	70.0	54.0	37.0	23.0	24.0	11.0	11.0	9.0	8.0	5.0	9.0	4.0	2.0	2.0	5.0	2.0	1.0	0.0	2.0	14.0	|	1144.625	|	1400	|	1602475.0
shopping---education	16.0	63.0	32.0	14.0	16.0	8.0	3.0	2.0	3.0	2.0	0.0	2.0	1.0	1.0	1.0	0.0	0.0	0.0	0.0	0.0	0.0	0.0	0.0	0.0	1.0	|	951.5757575757576	|	165	|	157010.0
shopping---home	10842.0	12863.0	6178.0	1977.0	927.0	545.0	317.0	178.0	126.0	80.0	60.0	61.0	34.0	32.0	30.0	22.0	18.0	17.0	12.0	9.0	9.0	9.0	10.0	5.0	65.0	|	571.1736768721315	|	34426	|	1.9663225E7
shopping---leisure	1087.0	1109.0	419.0	127.0	28.0	8.0	13.0	6.0	3.0	3.0	1.0	0.0	0.0	0.0	2.0	0.0	0.0	0.0	1.0	0.0	0.0	0.0	0.0	0.0	0.0	|	437.1325258282864	|	2807	|	1227031.0
shopping---other	415.0	308.0	115.0	32.0	12.0	3.0	2.0	1.0	0.0	2.0	0.0	0.0	0.0	0.0	0.0	0.0	1.0	0.0	0.0	0.0	0.0	0.0	0.0	0.0	0.0	|	404.9955106621773	|	891	|	360851.0
shopping---shopping	3838.0	2040.0	710.0	165.0	47.0	20.0	14.0	5.0	10.0	3.0	3.0	1.0	1.0	0.0	1.0	1.0	0.0	0.0	0.0	0.0	0.0	3.0	0.0	0.0	0.0	|	321.32279218886623	|	6862	|	2204917.0
shopping---work	356.0	825.0	572.0	326.0	194.0	148.0	102.0	74.0	46.0	32.0	21.0	24.0	11.0	17.0	15.0	8.0	5.0	8.0	4.0	3.0	3.0	4.0	0.0	5.0	16.0	|	1051.7885775097552	|	2819	|	2964992.0
work---education	37.0	35.0	12.0	8.0	4.0	3.0	1.0	0.0	0.0	1.0	0.0	0.0	0.0	0.0	0.0	0.0	0.0	1.0	0.0	0.0	0.0	0.0	0.0	0.0	0.0	|	591.1960784313726	|	102	|	60302.0
work---home	4448.0	8263.0	6545.0	4661.0	3567.0	2563.0	1948.0	1393.0	1059.0	698.0	600.0	511.0	375.0	323.0	266.0	231.0	184.0	164.0	109.0	89.0	120.0	71.0	72.0	79.0	527.0	|	1373.2992589924356	|	38866	|	5.3374649E7
work---leisure	784.0	1340.0	715.0	291.0	140.0	86.0	46.0	52.0	19.0	19.0	15.0	10.0	9.0	8.0	4.0	2.0	1.0	1.0	2.0	0.0	1.0	3.0	1.0	2.0	2.0	|	689.5358851674641	|	3553	|	2449921.0
work---other	472.0	662.0	345.0	133.0	63.0	41.0	32.0	20.0	9.0	7.0	7.0	4.0	8.0	5.0	1.0	2.0	0.0	0.0	0.0	0.0	0.0	0.0	0.0	0.0	1.0	|	651.8184326710817	|	1812	|	1181095.0
work---shopping	1418.0	2159.0	1098.0	414.0	201.0	111.0	85.0	65.0	44.0	29.0	23.0	13.0	19.0	10.0	4.0	1.0	2.0	3.0	1.0	2.0	1.0	2.0	1.0	0.0	3.0	|	657.7813977929585	|	5709	|	3755274.0
work---work	3897.0	4300.0	1987.0	782.0	362.0	210.0	165.0	127.0	90.0	51.0	50.0	24.0	38.0	16.0	24.0	12.0	11.0	13.0	9.0	8.0	8.0	5.0	4.0	1.0	10.0	|	625.6845296624058	|	12204	|	7635854.0
yy_subpop_null	83384.0	103158.0	54852.0	23768.0	14112.0	9304.0	6698.0	4693.0	3504.0	2384.0	1887.0	1575.0	1219.0	1000.0	860.0	701.0	561.0	487.0	378.0	298.0	311.0	248.0	208.0	215.0	1562.0	|	801.4956091843197	|	317367	|	2.54368257E8
zz_mode_car	83384.0	103158.0	54852.0	23768.0	14112.0	9304.0	6698.0	4693.0	3504.0	2384.0	1887.0	1575.0	1219.0	1000.0	860.0	701.0	561.0	487.0	378.0	298.0	311.0	248.0	208.0	215.0	1562.0	|	801.4956091843197	|	317367	|	2.54368257E8
zzzzzzz_all	83384.0	103158.0	54852.0	23768.0	14112.0	9304.0	6698.0	4693.0	3504.0	2384.0	1887.0	1575.0	1219.0	1000.0	860.0	701.0	561.0	487.0	378.0	298.0	311.0	248.0	208.0	215.0	1562.0	|	801.4956091843197	|	317367	|	2.54368257E8

control statistics: average ttime = 801.4956091843197

